Seeds, EBRT, and ADT sample data

Line 79 - % free - 78, # of years - 7, Participants - 59

Line 76 - % free - 82, # of years - 8, Participants - 175

Line 54 - % free - 88, # of years - 8, Participants - 584

Line 52 - % free - 93, # of years - 8, Participants - 69

Line 49 - % free - 93, # of years - 10, Participants - 60

Line 46 - % free - 92, # of years - 12, Participants - 284

Line 31 - no results listed

Calculation of standard deviation for % free- 

Find the mean

87.66666

Find the variance

93.444
32.111
0.11111
28.4444
28.4444
18.783556

Average variance = 33.5564

Standard deviation

9.66666
5.666666
0.333333
5.333333
5.333333
4.333333

Average deviation = 5.7927

Calculation of standard deviation for % free- 

Find the mean

8.83333

Find the variance

3.36109
0.6944
0.6944
0.6944
1.36111
3.16667

Average variance = 1.661999

Standard Deviation

1.83333
0.8333
0.8333
0.8333
1.16667
1.77951

Average deviation = 1.2891844

Natural log of sample sizes

4.077
5.1647
6.3699
4.2341
4.0943
5.64897


Data for plot points:

            		/*
            		[[12.6995684369,83.6198615735],[12.7053237903,83.353287464],[12.7098924016,83.0867663363]
            		[12.7132728789,82.8203793752],[12.7154641926
,82.5542077249
],[12.7164656752
,82.2883324639
],[12.7162770217
,82.0228345802
],[12.7148982894
,81.7577949471
],[12.7123298984
,81.4932942983
],[12.708572631
,81.2294132032
],[12.7036276318
,80.9662320425
],[12.697496407
,80.7038309838
],[12.6901808242
,80.4422899571
],

[12.6816831119
,80.1816886301
],[12.6720058585
,79.9221063846
],[12.6611520118
,79.663622292
],[12.6491248781
,79.4063150888
],[12.6359281208
,79.1502631535
],[12.6215657599
,78.8955444818
],[12.6060421702
,78.6422366636
],[12.5893620805
,78.3904168589
],[12.5715305715
,78.1401617745
],[12.552553075
,77.8915476404
],[12.5324353718
,77.6446501869
],[12.5111835897
,77.3995446215
],[12.4888042024
,77.1563056055
],[12.4653040268
,76.9150072321
],[12.4406902213
,76.6757230029
],[12.4149702836
,76.4385258064
],[12.388152048
,76.203487895
],[12.3602436838
,75.9706808636
],[12.3312536921
,75.7401756275
],[12.3011909036
,75.5120424008
],[12.2700644755
,75.286350675
],[12.2378838895
,75.0631691981
],[12.2046589479
,74.8425659533
],[12.1703997714
,74.6246081386
],[12.1351167957
,74.4093621459
],[12.0988207684
,74.1968935412
],[12.0615227455
,73.9872670446
],[12.0232340884
,73.7805465104
],[11.9839664602
,73.5767949075
],[11.9437318221
,73.3760743008
],[11.9025424301
,73.1784458316
],[11.8604108309
,72.9839696996
],[11.8173498581
,72.7927051439
],[11.7733726285
,72.6047104257
],[11.7284925379
,72.42004281
],[11.6827232575
,72.2387585483
],[11.6360787288
,72.0609128615
],[11.5885731602
,71.8865599233
],[11.5402210225
,71.715752843
],[11.4910370441
,71.5485436504
],[11.441036207
,71.3849832788
],[11.3902337418
,71.2251215504
],[11.3386451236
,71.0690071607
],[11.2862860668
,70.9166876634
],[11.2331725203
,70.7682094568
],[11.1793206631
,70.6236177686
],[11.124746899
,70.4829566428
],[11.0694678516
,70.3462689263
],[11.0135003596
,70.2135962554
],[10.9568614712
,70.0849790436
],[10.8995684391
,69.9604564687
],[10.8416387153
,69.8400664618
],[10.7830899457
,69.7238456946
],[10.723939965
,69.6118295692
],[10.6642067908
,69.5040522067
],[10.6039086183
,69.4005464373
],[10.543063815
,69.3013437897
],[10.4816909148
,69.2064744821
],[10.4198086124
,69.1159674125
],[10.3574357579
,69.0298501503
],[10.2945913506
,68.9481489276
],[10.2312945334
,68.8708886315
],[10.1675645873
,68.7980927961
],[10.103420925
,68.7297835958
],[10.0388830853
,68.6659818382
],[9.973970727
,68.606706958
],[9.908703623
,68.5519770108
],[9.8431016544
,68.5018086679
],[9.7771848042
,68.4562172112
],[9.7109731512
,68.4152165281
],[9.6444868641
,68.3788191079
],[9.5777461954
,68.3470360376
],[9.5107714749
,68.3198769986
],[9.4435831038
,68.2973502639
],[9.3762015481
,68.2794626953
],[9.3086473332
,68.2662197415
],[9.2409410365
,68.2576254365
],[9.1731032822
,68.2536823981
],[9.1051547341
,68.2543918275
],[9.0371160902
,68.2597535085
],[8.9690080757
,68.269765808
],[8.9008514369
,68.284425676
],[8.8326669349
,68.3037286472
],[8.7644753395
,68.3276688415
],[8.6962974225
,68.3562389665
],[8.6281539515
,68.3894303196
],[8.5600656837
,68.4272327904
],[8.4920533594
,68.4696348637
],[8.4241376959
,68.5166236236
],[8.3563393809
,68.5681847568
],[8.2886790664
,68.6243025573
],[8.2211773624
,68.684959931
],[8.1538548306
,68.7501384012
],[8.0867319781
,68.8198181138
],[8.0198292512
,68.8939778438
],[7.9531670291
,68.9725950013
],[7.8867656177
,69.0556456389
],[7.8206452435
,69.1431044584
],[7.7548260475
,69.2349448191
],[7.6893280789
,69.3311387455
],[7.6241712889
,69.431656936
],[7.5593755249
,69.5364687718
],[7.4949605243
,69.6455423262
],[7.4309459086
,69.7588443744
],[7.3673511773
,69.8763404034
],[7.3041957019
,69.9979946228
],[7.2414987202
,70.1237699755
],[7.1792793303
,70.2536281493
],[7.1175564849
,70.3875295879
],[7.0563489852
,70.5254335037
],[6.9956754757
,70.6672978899
],[6.9355544382
,70.8130795332
],[6.8760041861
,70.9627340271
],[6.8170428589
,71.1162157854
],[6.7586884169
,71.273478056
],[6.7009586354
,71.4344729354
],[6.6438710995
,71.599151383
],[6.5874431985
,71.767463236
],[6.531692121
,71.9393572251
],[6.4766348492
,72.1147809896
],[6.4222881542
,72.2936810939
],[6.3686685905
,72.4760030433
],[6.315792491
,72.6616913006
],[6.2636759625
,72.8506893034
],[6.21233488
,73.0429394812
],[6.1617848827
,73.2383832726
],[6.1120413684
,73.4369611436
],[6.0631194895
,73.6386126054
],[6.0150341482
,73.8432762331
],[5.9677999917
,74.0508896841
],[5.9214314079
,74.2613897174
],[5.8759425213
,74.4747122125
],[5.8313471881
,74.6907921895
],[5.7876589925
,74.9095638283
],[5.7448912424
,75.1309604888
],[5.7030569652
,75.3549147315
],[5.6621689041
,75.5813583379
],[5.6222395139
,75.8102223309
],[5.5832809576
,76.0414369964
],[5.5453051022
,76.2749319042
],[5.5083235157
,76.5106359294
],[5.472347463
,76.7484772744
],[5.4373879026
,76.9883834902
],[5.4034554837
,77.2302814993
],[5.3705605423
,77.4740976171
],[5.3387130987
,77.7197575749
],[5.3079228538
,77.9671865422
],[5.2781991866
,78.2163091497
],[5.2495511513
,78.4670495125
],[5.2219874743
,78.7193312524
],[5.1955165518
,78.9730775221
],[5.1701464471
,79.2282110279
],[5.1458848881
,79.4846540537
],[5.1227392652
,79.7423284845
],[5.1007166288
,80.0011558302
],[5.0798236872
,80.2610572494
],[5.0600668045
,80.5219535737
],[5.0414519989
,80.7837653315
],[5.0239849406
,81.0464127724
],[5.0076709503
,81.3098158915
],[4.9925149974
,81.5738944536
],[4.9785216986
,81.8385680178
],[4.9656953162
,82.103755962
],[4.9540397574
,82.3693775074
],[4.9435585726
,82.635351743
],[4.9342549544
,82.9015976507
],[4.9261317368
,83.1680341291
],[4.9191913942
,83.4345800194
],[4.9134360408
,83.7011541289
],[4.9088674296
,83.9676752566
],[4.9054869522
,84.2340622176
],[4.9032956385
,84.5002338679
],[4.9022941559
,84.766109129
],[4.9024828094
,85.0316070127
],[4.9038615417
,85.2966466457
],[4.9064299327
,85.5611472946
],[4.9101872001
,85.8250283897
],[4.9151321993
,86.0882095503
],[4.9212634241
,86.350610609
],[4.9285790069
,86.6121516358
],[4.9370767192
,86.8727529627
],[4.9467539726
,87.1323352082
],[4.9576078193
,87.3908193009
],[4.969634953
,87.648126504
],[4.9828317103
,87.9041784394
],[4.9971940712
,88.1588971111
],[5.0127176609
,88.4122049292
],[5.0293977506
,88.6640247339
],[5.0472292596
,88.9142798184
],[5.0662067561
,89.1628939525
],[5.0863244594
,89.4097914059
],[5.1075762414
,89.6548969714
],[5.1299556287
,89.8981359873
],[5.1534558043
,90.1394343608
],[5.1780696098
,90.3787185899
],[5.2037895476
,90.6159157865
],[5.2306077831
,90.8509536978
],[5.2585161473
,91.0837607292
],[5.287506139
,91.3142659654
],[5.3175689276
,91.5423991921
],[5.3486953556
,91.7680909178
],[5.3808759416
,91.9912723947
],[5.4141008832
,92.2118756395
],[5.4483600597
,92.4298334543
],[5.4836430354
,92.645079447
],[5.5199390627
,92.8575480516
],[5.5572370856
,93.0671745482
],[5.5955257427
,93.2738950825
],[5.6347933709
,93.4776466853
],[5.675028009
,93.678367292
],[5.716217401
,93.8759957612
],[5.7583490002
,94.0704718933
],[5.801409973
,94.2617364489
],[5.8453872027
,94.4497311671
],[5.8902672932
,94.6343987828
],[5.9360365737
,94.8156830446
],[5.9826811024
,94.9935287313
],[6.0301866709
,95.1678816696
],[6.0785388086
,95.3386887498
],[6.127722787
,95.5058979425
],[6.1777236241
,95.669458314
],[6.2285260893
,95.8293200424
],[6.2801147075
,95.9854344322
],[6.3324737644
,96.1377539294
],[6.3855873108
,96.2862321361
],[6.439439168
,96.4308238243
],[6.4940129322
,96.57148495
],[6.5492919795
,96.7081726665
],[6.6052594715
,96.8408453374
],[6.6618983599
,96.9694625493
],[6.719191392
,97.0939851241
],[6.7771211158
,97.2143751311
],[6.8356698854
,97.3305958983
],[6.8948198661
,97.4426120237
],[6.9545530403
,97.5503893861
],[7.0148512128
,97.6538951556
],[7.0756960161
,97.7530978031
],[7.1370689163
,97.8479671108
],[7.1989512187
,97.9384741804
],[7.2613240732
,98.0245914426
],[7.3241684806
,98.1062926652
],[7.3874652977
,98.1835529614
],[7.4511952438
,98.2563487967
],[7.5153389061
,98.324657997
],[7.5798767458
,98.3884597546
],[7.6447891041
,98.4477346349
],[7.7100562081
,98.5024645821
],[7.7756581767
,98.5526329249
],[7.8415750269
,98.5982243817
],[7.9077866799
,98.6392250648
],[7.974272967
,98.675622485
],[8.0410136357
,98.7074055553
],[8.1079883562
,98.7345645942
],[8.1751767274
,98.7570913289
],[8.242558283
,98.7749788976
],[8.3101124979
,98.7882218514
],[8.3778187946
,98.7968161564
],[8.445656549
,98.8007591948
],[8.513605097
,98.8000497654
],[8.5816437409
,98.7946880843
],[8.6497517554
,98.7846757849
],[8.7179083942
,98.7700159168
],[8.7860928962
,98.7507129457
],[8.8542844916
,98.7267727514
],[8.9224624086
,98.6982026263
],[8.9906058796
,98.6650112732
],[9.0586941474
,98.6272088025
],[9.1267064717
,98.5848067292
],[9.1946221352
,98.5378179693
],[9.2624204503
,98.4862568361
],[9.3300807647
,98.4301390356
],[9.3975824687
,98.3694816618
],[9.4649050005
,98.3043031917
],[9.532027853
,98.234623479
],[9.5989305799
,98.1604637491
],[9.665592802
,98.0818465915
],[9.7319942134
,97.998795954
],[9.7981145876
,97.9113371345
],[9.8639337836
,97.8194967738
],[9.9294317522
,97.7233028474
],[9.9945885423
,97.6227846568
],[10.0593843063
,97.517972821
],[10.1237993068
,97.4088992666
],[10.1878139225
,97.2955972184
],[10.2514086538
,97.1781011895
],[10.3145641292
,97.0564469701
],[10.3772611109
,96.9306716173
],[10.4394805008
,96.8008134436
],[10.5012033463
,96.666912005
],[10.5624108459
,96.5290080891
],[10.6230843554
,96.3871437029
],[10.6832053929
,96.2413620596
],[10.742755645
,96.0917075657
],[10.8017169722
,95.9382258074
],[10.8600714142
,95.7809635368
],[10.9178011957
,95.6199686574
],[10.9748887316
,95.4552902099
],[11.0313166326
,95.2869783569
],[11.0870677101
,95.1150843678
],[11.1421249819
,94.9396606032
],[11.1964716769
,94.7607604989
],[11.2500912406
,94.5784385496
],[11.3029673401
,94.3927502923
],[11.3550838686
,94.2037522894
],[11.4064249511
,94.0115021117
],[11.4569749485
,93.8160583202
],[11.5067184628
,93.6174804493
],[11.5556403416
,93.4158289874
],[11.6037256829
,93.2111653597
],[11.6509598394
,93.0035519087
],[11.6973284232
,92.7930518755
],[11.7428173098
,92.5797293803
],[11.787412643
,92.3636494033
],[11.8311008386
,92.1448777646
],[11.8738685887
,91.9234811041
],[11.9157028659
,91.6995268613
],[11.9565909271
,91.473083255
],[11.9965203172
,91.244219262
],[12.0354788735
,91.0130045964
],[12.0734547289
,90.7795096887
],[12.1104363154
,90.5438056634
],[12.1464123682
,90.3059643185
],[12.1813719285
,90.0660581026
],[12.2153043474
,89.8241600935
],[12.2481992888
,89.5803439757
],[12.2800467324
,89.334684018
],[12.3108369773
,89.0872550507
],[12.3405606445
,88.8381324431
],[12.3692086798
,88.5873920804
],[12.3967723568
,88.3351103404
],[12.4232432793
,88.0813640708
],[12.4486133841
,87.826230565
],[12.472874943
,87.5697875391
],[12.4960205659
,87.3121131083
],[12.5180432023
,87.0532857626
],[12.5389361439
,86.7933843434
],[12.5586930266
,86.5324880191
],[12.5773078322
,86.2706762613
],[12.5947748905
,86.0080288204
],[12.6110888808
,85.7446257013
],[12.6262448337
,85.4805471393
],[12.6402381325
,85.2158735751
],[12.6530645149
,84.9506856308
],[12.6647200737
,84.6850640855
],[12.6752012585
,84.4190898498
],[12.6845048767
,84.1528439422
],[12.6926280943
,83.8864074637
],[12.6995684369
,83.6198615735
]





useless data:
           		//[[8.83,87.666],[8.83,93.45],[8.83,81.8733],[10.1224,87.666],[7.5443,87.666]] 
            		/*[[5.6,81.4],[6,83],[6.5,84.4],[7,85.5],[7.5,87],[8,88],[8.5,88.6],[9,89.2],[9.5,89.7],
            		[10,90],[10.5,89.6],[11,89],[11.5,88.6],[12,88],[12.5,87],[13,85.5],[13.5,84.5],[14,83],[14.5,81.5],
            		[14.5,77.9],[14,76],[13.5,73.8],[13,72],[12.5,71],[12,70],[11.5,68.3],[11,67],[10.5,66],[10,65.5],
            		[9.5,66.2],[9,67],[8.5,68.2],[8,70],[7.5,71],[7,72],[6.5,74],[6,76],[5.5,78.6]]
            */
            