High - seeds only

[12.318168547,101.3998819741],[12.3561738251,101.3942611066],[12.3939963532,101.378713662][12.4316246103,101.3532443763],[12.4690471344,101.3178610077],
            		[12.5062525261,101.2725743342],[12.5432294525,101.2173981506],[12.57996665,101.1523492641],[12.616452928,101.0774474893],[12.6526771725,100.9927156419],
            		[12.6886283492,100.8981795321],[12.7242955071,100.7938679566],[12.7596677816,100.6798126895],[12.794734398,100.5560484733],
            		[12.8294846746,100.4226130078],[12.8639080262,100.2795469386],[12.897993967,100.1268938451],[12.9317321142,99.9647002269],[12.9651121908,99.7930154897],[12.9981240289,99.6118919305],
            		[13.0307575728,99.4213847211],
            		[13.0948501341,99.0124543139],[13.1262896284,98.7941556803],[13.157311788,98.566722487],[13.1879071632,98.3302240122],[13.2180664345,98.0847322958],
            		[13.2477804149,97.8303221169],[13.2770400533,97.5670709713],[13.305836437,97.2950590478],[13.3341607943,97.014369204],[13.3620044973,96.7250869406],[13.4162161637,96.1211002183],
            		[13.4425676136,95.8065797397],[13.4684053875,95.4838347459],[13.4937216149,95.1529635481],[13.5185085843,94.8140669331],
            		[13.5427587453,94.4672481318],[13.566464711,94.1126127888],[13.5896192604,93.7502689293],[13.6122153405,93.3803269269],[13.6342460681,93.0028994694],
            		[13.6557047326,92.6181015249],[13.6765847975,92.2260503065],[13.6968799024,91.826865237],[13.7165838652,91.4206679118],[13.735690684,91.0075820627],
            		[13.7541945386,90.5877335197],[13.7720897927,90.1612501725],[13.789370995,89.7282619323],[13.8060328816,89.2889006913],[13.8220703771,88.8433002834],
            		[13.8374785964,88.3915964427],[13.8522528459,87.9339267625],[13.8663886253,87.4704306536],[13.8798816286,87.0012493012],[13.8927277459,86.5265256226],[13.9164638679,85.5610313526],
            		[13.9273466426,85.0705548602],[13.9375680727,84.5751241497],[13.947125045,84.0748901343],[13.956014648,83.57000519],
            		[13.9642341741,83.0606231097],[13.9717811195,82.546899056],[13.9786531853,82.0289895144],[13.9848482781,81.507052245],[13.990364511,80.981246235],
            		[13.9952002036,80.4517316501],[13.9993538829,79.9186697855],[14.0028242837,79.382223017],[14.0056103488,78.8425547515],[14.0077112296,78.2998293771],
            		[14.0091262862,77.7542122134],[14.0098550874,77.2058694604],[14.0098974114,76.6549681489],[14.0092532451,76.1016760886],[14.0079227849,75.5461618176],
            		[14.005906436,74.9885945511],[14.0032048125,74.4291441293],[13.9998187375,73.8679809663],[13.9957492424,73.3052759979],[13.9909975667,72.7412006294],
            		[13.9855651579,72.1759266836],[13.9794536708,71.6096263485],[13.9726649669,71.0424721246],[13.9652011142,70.4746367726],[13.9570643863,69.9062932607],
            		[13.9482572615,69.3376147117],[13.9387824228,68.7687743507],[13.9286427562,68.199945452],[13.9178413504,67.6313012864],[13.9063814955,67.0630150684],
            		[13.8942666824,66.4952599034],[13.8815006013,65.9282087352],[13.8680871409,65.3620342931],[13.8540303872,64.7969090392],[13.8393346218,64.2330051163],
            		[13.8240043213,63.6704942949],[13.8080441555,63.1095479213],[13.7914589859,62.5503368651],[13.7742538646,61.9930314675],[13.7564340324,61.4378014891],
            		[13.7380049174,60.8848160583],[13.7189721333,60.3342436198],[13.6993414777,59.7862518834],[13.6791189302,59.2410077726],[13.6583106509,58.6986773741],[13.6149624267,57.6234175723],
            		[13.5924356861,57.0908157036],[13.5693496183,56.5617825166],[13.5457112553,56.0364791597],[13.5215277978,55.5150656456],
            		[13.4968066122,54.9977008018],[13.4715552288,54.4845422227],[13.4457813395,53.9757462213],[13.4194927952,53.4714677819],[13.3926976036,52.9718605125],
            		[13.365403927,52.4770765983],[13.337620079,51.9872667554],[13.3093545231,51.5025801846],[13.2806158691,51.023164526],[13.2514128712,50.5491658143],[13.1916495642,49.6179950761],
            		[13.1611074596,49.1611066932],[13.1301374145,48.7102024581],[13.0987488625,48.2654197205],[13.0669513651,47.8268939657],[13.0021683986,46.9691457743],[12.969202663,46.5501846161],[12.935867443,46.1380029179],[12.9021728927,45.7327262342],[12.8681292758,45.3344780161],
            		[12.8337469623,44.943379574],[12.7990364255,44.5595500402],[12.7640082385,44.1831063329],[12.7286730712,43.8141631205],[12.693041687,43.4528327867],
            		[12.6571249396,43.0992253963],[12.6209337697,42.7534486613],[12.5844792013,42.4156079089],[12.547772339,42.0858060485],[12.5108243639,41.764143541],
            		[12.4362501644,41.1456260016],[12.3986466559,40.8489593762],[12.3608474599,40.5608088591],[12.3228640903,40.2812622238],[12.2847081172,40.0104046229],
            		[12.2079249002,39.495083876],[12.1693210452,39.2507777016],[12.1305913574,39.0154744572],[12.0917476343,38.7892458185],[12.052801708,38.5721606968],[11.9746507265,38.1656827043],
            		[11.9354694768,37.9764136505],[11.8962336279,37.7965357104],[11.8569551312,37.6261036765],[11.8176459514,37.4651694641],
            		[11.7783180624,37.3137820952],[11.7389834439,37.1719876839],[11.6996540776,37.0398294222],[11.6603419436,36.9173475667],[11.6210590168,36.8045794267],[11.5426286359,36.6083187246],
            		[11.5035050725,36.5248859454],[11.4644584903,36.4512864293],[11.4255007833,36.3875425954],[11.3866438183,36.3336738605],[11.309279425,36.255624311],[11.2707955627,36.231467271],
            		[11.2324595671,36.2172328722],[11.1942831158,36.2129254505],[11.1562778377,36.218546318],[11.0808270525,36.2595630483],[11.0434045284,36.2949464169],[11.0061991367,36.3402330904],
            		[10.9692222103,36.395409274],[10.9324850128,36.4604581605],[10.8597744903,36.6200917827],[10.8238233136,36.7146278925],[10.7881561557,36.818939468],[10.7527838812,36.9329947351],
            		[10.7177172648,37.0567589513],[10.6485436366,37.333260486],[10.6144576958,37.4859135795],[10.5807195486,37.6481071977],[10.547339472,37.8197919349],[10.5143276339,38.0009154941],
            		[10.4494487809,38.3912555327],[10.4176015287,38.6003531107],[10.3861620344,38.8186517443],[10.3551398748,39.0460849376],[10.3245444996,39.2825834124],[10.2646712479,39.7824853077],
            		[10.2354116095,40.0457364533],[10.2066152258,40.3177483768],[10.1782908685,40.5984382206],[10.1504471655,40.887720484],[10.0962354991,41.4917072063],[10.0698840492,41.8062276849],
            		[10.0440462753,42.1289726787],[10.0187300479,42.4598438765],[9.9939430785,42.7987404915],[9.9459869518,43.5001946358],[9.9228324024,43.8625384953],[9.9002363223,44.2324804977],
            		[9.8782055947,44.6099079552],[9.8567469302,44.9947058997],[9.8155717604,45.7859421876],[9.7958677976,46.1921395128],[9.7767609788,46.6052253619],[9.7582571242,47.0250739049],
            		[9.7403618701,47.4515572521],[9.7064187812,48.3239067332],[9.6903812857,48.7695071412],[9.6749730664,49.2212109819],[9.6601988169,49.6788806621],[9.6460630375,50.142376771],
            		[9.6197239169,51.086281802],[9.6075285989,51.5664032014],[9.5959877949,52.051776072],[9.5851050202,52.5422525644],[9.5748835901,53.0376832749],[9.5564370148,54.0428022346],
            		[9.5482174887,54.5521843149],[9.5406705433,55.0659083686],[9.5337984775,55.5838179102],[9.5276033847,56.1057551796],[9.5172514592,57.1610757745],[9.5130977799,57.6941376391],
            		[9.5096273791,58.2305844076],[9.506841314,58.7702526731],[9.5047404332,59.3129780475],[9.5025965754,60.4069379642],[9.5025542514,60.9578392757],[9.5031984177,61.511131336],
            		[9.5045288779,62.066645607],[9.5065452268,62.6242128735],[9.5126329253,63.7448264583],[9.5167024204,64.3075314267],[9.5214540961,64.8716067952],[9.5268865049,65.436880741],
            		[9.532997992,66.0031810761],[9.5472505486,67.138170652],[9.5553872765,67.7065141639],[9.5641944013,68.2751927129],[9.57366924,68.8440330739],[9.5838089066,69.4128619726],
            		[9.6060701673,70.5497923562],[9.6181849804,71.1175475212],[9.6309510615,71.6845986894],[9.6443645219,72.2507731315],[9.6584212756,72.8158983854],[9.6884473415,73.9423131297],
            		[9.7044075073,74.5032595033],[9.7209926769,75.0624705595],[9.7381977982,75.6197759571],[9.7560176304,76.1750059355],[9.7934795295,77.2785638048],[9.8131101851,77.8265555412],
            		[9.8333327326,78.371799652],[9.8541410119,78.9141300505],[9.8755286848,79.4533815377],[9.9200159767,80.521991721],[9.9431020445,81.051024908],[9.9667404075,81.5763282649],
            		[9.990923865,82.097741779],[10.0156450506,82.6151066228],[10.0666703233,83.6370612033],[10.0929588676,84.1413396427],[10.1197540592,84.6409469121],[10.1470477358,85.1357308263],
            		[10.1748315838,85.6255406692],[10.2318357937,86.5896428986],[10.2610387916,87.0636416103],[10.290697238,87.5320789905],[10.3208020986,87.9948123485],[10.3513442032,88.4517007314],
            		[10.4137028003,89.3473877041],[10.4455002977,89.7859134589],[10.4776970548,90.2180486518],[10.5102832642,90.6436616503],[10.5432489998,91.0626228085],[10.6102787701,91.8800811904],
            		[10.644322387,92.2783294085],[10.6787047005,92.6694278506],[10.7134152373,93.0532573844],[10.7484434243,93.4297010917],[10.8194099758,94.1599746379],[10.8553267232,94.5135820283],
            		[10.8915178931,94.8593587633],[10.9279724615,95.1971995157],[10.9646793238,95.5270013761],[11.038805132,96.1620890566],[11.0762014984,96.467181423],[11.1138050069,96.7638480484],
            		[11.1516042029,97.0519985655],[11.1895875725,97.3315452008],
            		[11.2277435456,97.6024028017],[11.2660604996,97.8644888622],[11.3045267626,98.1177235486],[11.3431306176,98.362029723],[11.3818603054,98.5973329674],[11.4596499548,99.0406467278],
            		[11.4986862211,99.2485222062],[11.5378009363,99.4471247203],[11.576982186,99.6363937741],[11.6162180349,99.8162717142],[11.6948057114,100.1476379605],[11.7341336004,100.2990253294],
            		[11.7734682189,100.4408197407],[11.8127975852,100.5729780024],[11.8521097192,100.6954598579],[11.9306343997,100.9112480723],[11.9698230269,101.0044887],[12.0089465903,101.0879214792][12.0479931725,101.1615209953],[12.0869508795,101.2252648292],[12.1645522312,101.3231107908],[12.2031722378,101.3571831136],[12.2416561001,101.3813401536],[12.2799920957,101.3955745524],[12.318168547,101.3998819741]]
            